20
249718282 93729
1 5 6 999917908
1000000000 1
12 7 74 12
714311129 39521
9 5 9 999998192
640834505 28785
3 9 1 999946125
1000000000 100000
100000 1 0 1000000000
98 59
6 30 524 98
110 53
7 7 1 64417
198 81
8 5 7 83495
497151700 96511
9 7 6 999919625
66 39
35 2 589 66
693840425 90561
2 6 7 999957328
137 49
48 17 461 137
1000000000 100000
1 1 0 2
59 26
14 19 681 59
112 73
1 5 3 64100
177 73
7 7 5 56401
1000000000 100000
1 1 1 1000000000
78 51
3 5 5 51230
220 88
1 8 3 58265
1000000000 100000
999999999 1 999999999 1000000000
